Symbol: Eight  Size: 72 Character: '7'
    123456789012345678901234567890123456789012345678901234567890123456789012

 1         7777777777777777777777777777777777777777777777777777777777
 2         7777777777777777777777777777777777777777777777777777777777
 3         7777777777777777777777777777777777777777777777777777777777
 4  7777777                                                          7777777
 5  7777777                                                          7777777
 6  7777777                                                          7777777
 7  7777777                                                          7777777
 8  7777777                                                          7777777
 9  7777777                                                          7777777
10  7777777                                                          7777777
11  7777777                                                          7777777
12  7777777                                                          7777777
13  7777777                                                          7777777
14  7777777                                                          7777777
15  7777777                                                          7777777
16  7777777                                                          7777777
17  7777777                                                          7777777
18  7777777                                                          7777777
19  7777777                                                          7777777
20  7777777                                                          7777777
21  7777777                                                          7777777
22  7777777                                                          7777777
23  7777777                                                          7777777
24  7777777                                                          7777777
25  7777777                                                          7777777
26  7777777                                                          7777777
27  7777777                                                          7777777
28  7777777                                                          7777777
29  7777777                                                          7777777
30  7777777                                                          7777777
31  7777777                                                          7777777
32  7777777                                                          7777777
33  7777777                                                          7777777
34  7777777                                                          7777777
35         7777777777777777777777777777777777777777777777777777777777
36         7777777777777777777777777777777777777777777777777777777777
37         7777777777777777777777777777777777777777777777777777777777
38  7777777                                                          7777777
39  7777777                                                          7777777
40  7777777                                                          7777777
41  7777777                                                          7777777
42  7777777                                                          7777777
43  7777777                                                          7777777
44  7777777                                                          7777777
45  7777777                                                          7777777
46  7777777                                                          7777777
47  7777777                                                          7777777
48  7777777                                                          7777777
49  7777777                                                          7777777
50  7777777                                                          7777777
51  7777777                                                          7777777
52  7777777                                                          7777777
53  7777777                                                          7777777
54  7777777                                                          7777777
55  7777777                                                          7777777
56  7777777                                                          7777777
57  7777777                                                          7777777
58  7777777                                                          7777777
59  7777777                                                          7777777
60  7777777                                                          7777777
61  7777777                                                          7777777
62  7777777                                                          7777777
63  7777777                                                          7777777
64  7777777                                                          7777777
65  7777777                                                          7777777
66  7777777                                                          7777777
67  7777777                                                          7777777
68  7777777                                                          7777777
69  7777777                                                          7777777
70         7777777777777777777777777777777777777777777777777777777777
71         7777777777777777777777777777777777777777777777777777777777
72         7777777777777777777777777777777777777777777777777777777777

    123456789012345678901234567890123456789012345678901234567890123456789012