Symbol: Eight  Size: 31 Character: '8'
    1234567890123456789012345678901

 1     8888888888888888888888888
 2  888                         888
 3  888                         888
 4  888                         888
 5  888                         888
 6  888                         888
 7  888                         888
 8  888                         888
 9  888                         888
10  888                         888
11  888                         888
12  888                         888
13  888                         888
14  888                         888
15  888                         888
16     8888888888888888888888888
17  888                         888
18  888                         888
19  888                         888
20  888                         888
21  888                         888
22  888                         888
23  888                         888
24  888                         888
25  888                         888
26  888                         888
27  888                         888
28  888                         888
29  888                         888
30  888                         888
31     8888888888888888888888888

    1234567890123456789012345678901