Symbol: Eight  Size: 98 Character: '8'
    12345678901234567890123456789012345678901234567890123456789012345678901234567890123456789012345678

 1           88888888888888888888888888888888888888888888888888888888888888888888888888888888
 2           88888888888888888888888888888888888888888888888888888888888888888888888888888888
 3           88888888888888888888888888888888888888888888888888888888888888888888888888888888
 4           88888888888888888888888888888888888888888888888888888888888888888888888888888888
 5  888888888                                                                                888888888
 6  888888888                                                                                888888888
 7  888888888                                                                                888888888
 8  888888888                                                                                888888888
 9  888888888                                                                                888888888
10  888888888                                                                                888888888
11  888888888                                                                                888888888
12  888888888                                                                                888888888
13  888888888                                                                                888888888
14  888888888                                                                                888888888
15  888888888                                                                                888888888
16  888888888                                                                                888888888
17  888888888                                                                                888888888
18  888888888                                                                                888888888
19  888888888                                                                                888888888
20  888888888                                                                                888888888
21  888888888                                                                                888888888
22  888888888                                                                                888888888
23  888888888                                                                                888888888
24  888888888                                                                                888888888
25  888888888                                                                                888888888
26  888888888                                                                                888888888
27  888888888                                                                                888888888
28  888888888                                                                                888888888
29  888888888                                                                                888888888
30  888888888                                                                                888888888
31  888888888                                                                                888888888
32  888888888                                                                                888888888
33  888888888                                                                                888888888
34  888888888                                                                                888888888
35  888888888                                                                                888888888
36  888888888                                                                                888888888
37  888888888                                                                                888888888
38  888888888                                                                                888888888
39  888888888                                                                                888888888
40  888888888                                                                                888888888
41  888888888                                                                                888888888
42  888888888                                                                                888888888
43  888888888                                                                                888888888
44  888888888                                                                                888888888
45  888888888                                                                                888888888
46  888888888                                                                                888888888
47  888888888                                                                                888888888
48           88888888888888888888888888888888888888888888888888888888888888888888888888888888
49           88888888888888888888888888888888888888888888888888888888888888888888888888888888
50           88888888888888888888888888888888888888888888888888888888888888888888888888888888
51           88888888888888888888888888888888888888888888888888888888888888888888888888888888
52  888888888                                                                                888888888
53  888888888                                                                                888888888
54  888888888                                                                                888888888
55  888888888                                                                                888888888
56  888888888                                                                                888888888
57  888888888                                                                                888888888
58  888888888                                                                                888888888
59  888888888                                                                                888888888
60  888888888                                                                                888888888
61  888888888                                                                                888888888
62  888888888                                                                                888888888
63  888888888                                                                                888888888
64  888888888                                                                                888888888
65  888888888                                                                                888888888
66  888888888                                                                                888888888
67  888888888                                                                                888888888
68  888888888                                                                                888888888
69  888888888                                                                                888888888
70  888888888                                                                                888888888
71  888888888                                                                                888888888
72  888888888                                                                                888888888
73  888888888                                                                                888888888
74  888888888                                                                                888888888
75  888888888                                                                                888888888
76  888888888                                                                                888888888
77  888888888                                                                                888888888
78  888888888                                                                                888888888
79  888888888                                                                                888888888
80  888888888                                                                                888888888
81  888888888                                                                                888888888
82  888888888                                                                                888888888
83  888888888                                                                                888888888
84  888888888                                                                                888888888
85  888888888                                                                                888888888
86  888888888                                                                                888888888
87  888888888                                                                                888888888
88  888888888                                                                                888888888
89  888888888                                                                                888888888
90  888888888                                                                                888888888
91  888888888                                                                                888888888
92  888888888                                                                                888888888
93  888888888                                                                                888888888
94  888888888                                                                                888888888
95           88888888888888888888888888888888888888888888888888888888888888888888888888888888
96           88888888888888888888888888888888888888888888888888888888888888888888888888888888
97           88888888888888888888888888888888888888888888888888888888888888888888888888888888
98           88888888888888888888888888888888888888888888888888888888888888888888888888888888

    12345678901234567890123456789012345678901234567890123456789012345678901234567890123456789012345678